0.000000
0.036274
0.072500
0.108631
0.144619
0.180417
0.215977
0.251252
0.286198
0.303532
0.337895
0.371813
0.405242
0.438137
0.470456
0.502155
0.533194
0.548452
0.578423
0.607632
0.636042
0.663614
0.690313
0.716104
0.728647
0.753012
0.776385
0.798736
0.820035
0.830282
0.849953
0.868505
0.885914
0.902156
0.909834
0.924288
0.937525
0.949528
0.955062
0.965186
0.974038
0.977985
0.984911
0.990540
0.992866
0.996538
0.998898
0.999585
0.999972
0.999043
0.998085
0.995185
0.990974
0.988379
0.982215
0.978647
0.970547
0.966018
0.956006
0.950527
0.938633
0.932222
0.918482
0.911157
0.895610
0.887393
0.870086
0.861002
0.841986
0.832061
0.821862
0.800657
0.789657
0.778397
0.755113
0.743096
0.730835
0.705595
0.692625
0.679426
0.652363
0.638508
0.624442
0.610170
0.595698
0.566171
0.551125
0.535898
0.520494
0.504919
0.489179
0.473277
0.457219
0.441011
0.408165
0.391537
0.374781
0.357902
0.340904
0.323795
0.306579
0.289262
0.289262
0.271850
0.254348
0.236763
0.219100
0.201364
0.183563
0.165701
0.165701
0.147784
0.129819
0.111811
0.093767
0.093767
0.075691
0.057591
0.039471
0.039471
0.021339
0.003200
0.003200
-0.014941
-0.033076
-0.033076
-0.051201
-0.051201
-0.069309
-0.069309
-0.087394
-0.105450
-0.105450
-0.123471
-0.123471
-0.141452
-0.141452
-0.159387
-0.159387
-0.177269
-0.177269
-0.177269
-0.195092
-0.195092
-0.212851
-0.212851
-0.212851
-0.230541
-0.230541
-0.230541
-0.248154
-0.248154
-0.248154
-0.265686
-0.265686
-0.265686
-0.283130
-0.283130
-0.283130
-0.283130
-0.300481
-0.300481
-0.300481
-0.300481
-0.300481
-0.317734
-0.317734
-0.317734
-0.317734
-0.317734
-0.334881
-0.334881
-0.334881
-0.334881
-0.334881
-0.334881
-0.351919
-0.351919
-0.351919
-0.351919
-0.351919
-0.351919
-0.351919
-0.368841
-0.368841
-0.368841
-0.368841
-0.368841
-0.368841
-0.368841
-0.368841
-0.385641
-0.385641
-0.385641
-0.385641
-0.385641
-0.385641
-0.385641
-0.385641
-0.385641
-0.385641
-0.402314
-0.402314
-0.402314
-0.402314
-0.402314
-0.402314
-0.402314
-0.402314
-0.418855
-0.418855
-0.418855
-0.418855
-0.418855
-0.418855
-0.418855
-0.435258
-0.435258
-0.435258
-0.435258
-0.435258
-0.451518
-0.451518
-0.451518
-0.451518
-0.451518
-0.467630
-0.467630
-0.467630
-0.467630
-0.467630
-0.483587
-0.483587
-0.483587
-0.499385
-0.499385
-0.499385
-0.499385
-0.515019
-0.515019
-0.515019
-0.530484
-0.530484
-0.545774
-0.545774
-0.545774
-0.560884
-0.560884
-0.560884
-0.575810
-0.575810
-0.590546
-0.590546
-0.605088
-0.605088
-0.619431
-0.619431
-0.633570
-0.633570
-0.647500
-0.647500
-0.661217
-0.674717
-0.674717
-0.687995
-0.687995
-0.701046
-0.713867
-0.713867
-0.726452
-0.738799
-0.738799
-0.750902
-0.762759
-0.774364
-0.774364
-0.785715
-0.796806
-0.807636
-0.818200
-0.818200
-0.828495
-0.838517
-0.848263
-0.857730
-0.866914
-0.875814
-0.884425
-0.884425
-0.892745
-0.900771
-0.908501
-0.915932
-0.923062
-0.929887
-0.936407
-0.948520
-0.954109
-0.959384
-0.964344
-0.968986
-0.973309
-0.977312
-0.980993
-0.984352
-0.990096
-0.992480
-0.994537
-0.996267
-0.998743
-0.999488
-0.999904
-0.999991
-0.999178
-0.998278
-0.997050
-0.993609
-0.991398
-0.988861
-0.982811
-0.979300
-0.975467
-0.966840
-0.962048
-0.951516
-0.945780
-0.933375
-0.926711
-0.912471
-0.904899
-0.888864
-0.880406
-0.862625
-0.853307
-0.833832
-0.823681
-0.802570
-0.780402
-0.768931
-0.745234
-0.733015
-0.707859
-0.681771
-0.668388
-0.640967
-0.612702
-0.598265
-0.568805
-0.538596
-0.523224
-0.491967
-0.460062
-0.427552
-0.411083
-0.377746
-0.343911
-0.309623
-0.292323
-0.257441
-0.222220
-0.186707
-0.150948
-0.132991
-0.096952
-0.060785
-0.024538
0.000000
0.036274
0.054396
0.090581
0.126646
0.162545
0.198229
0.233653
0.251252
0.286198
0.320766
0.354912
0.388591
0.421759
0.454371
0.486385
0.502155
0.533194
0.563530
0.593125
0.621939
0.649935
0.677075
0.690313
0.716104
0.740951
0.764824
0.787690
0.809519
0.830282
0.849953
0.868505
0.877354
0.894182
0.909834
0.924288
0.937525
0.949528
0.960282
0.969772
0.974038
0.981609
0.987888
0.992866
0.996538
0.998898
0.999943
0.999972
0.999043
0.996799
0.993243
0.988379
0.985459
0.978647
0.970547
0.961170
0.950527
0.944736
0.932222
0.918482
0.903532
0.895610
0.878884
0.861002
0.851634
0.832061
0.811393
0.800657
0.778397
0.755113
0.743096
0.718333
0.692625
0.679426
0.652363
0.624442
0.610170
0.581030
0.566171
0.535898
0.520494
0.489179
0.473277
0.441011
0.424658
0.391537
0.374781
0.340904
0.323795
0.289262
0.271850
0.236763
0.219100
0.201364
0.165701
0.147784
0.129819
0.093767
0.075691
0.057591
0.021339
0.003200
-0.014941
-0.051201
-0.069309
-0.087394
-0.105450
-0.123471
-0.159387
-0.177269
-0.195092
-0.212851
-0.230541
-0.248154
-0.265686
-0.283130
-0.300481
-0.334881
-0.351919
-0.368841
-0.385641
-0.402314
-0.418855
-0.435258
-0.451518
-0.451518
-0.467630
-0.483587
-0.499385
-0.515019
-0.530484
-0.545774
-0.560884
-0.560884
-0.575810
-0.590546
-0.605088
-0.619431
-0.619431
-0.633570
-0.647500
-0.661217
-0.661217
-0.674717
-0.687995
-0.687995
-0.701046
-0.713867
-0.713867
-0.726452
-0.726452
-0.738799
-0.738799
-0.750902
-0.762759
-0.762759
-0.774364
-0.774364
-0.785715
-0.785715
-0.796806
-0.796806
-0.807636
-0.807636
-0.807636
-0.818200
-0.818200
-0.828495
-0.828495
-0.828495
-0.838517
-0.838517
-0.838517
-0.848263
-0.848263
-0.848263
-0.857730
-0.857730
-0.857730
-0.866914
-0.866914
-0.866914
-0.866914
-0.875814
-0.875814
-0.875814
-0.875814
-0.875814
-0.884425
-0.884425
-0.884425
-0.884425
-0.884425
-0.892745
-0.892745
-0.892745
-0.892745
-0.892745
-0.892745
-0.900771
-0.900771
-0.900771
-0.900771
-0.900771
-0.900771
-0.900771
-0.908501
-0.908501
-0.908501
-0.908501
-0.908501
-0.908501
-0.908501
-0.908501
-0.915932
-0.915932
-0.915932
-0.915932
-0.915932
-0.915932
-0.915932
-0.915932
-0.915932
-0.915932
-0.923062
-0.923062
-0.923062
-0.923062
-0.923062
-0.923062
-0.923062
-0.923062
-0.929887
-0.929887
-0.929887
-0.929887
-0.929887
-0.929887
-0.929887
-0.936407
-0.936407
-0.936407
-0.936407
-0.936407
-0.942619
-0.942619
-0.942619
-0.942619
-0.942619
-0.948520
-0.948520
-0.948520
-0.948520
-0.948520
-0.954109
-0.954109
-0.954109
-0.959384
-0.959384
-0.959384
-0.959384
-0.964344
-0.964344
-0.964344
-0.968986
-0.968986
-0.973309
-0.973309
-0.973309
-0.977312
-0.977312
-0.977312
-0.980993
-0.980993
-0.984352
-0.984352
-0.987386
-0.987386
-0.990096
-0.990096
-0.992480
-0.992480
-0.994537
-0.994537
-0.996267
-0.997669
-0.997669
-0.998743
-0.998743
-0.999488
-0.999904
-0.999904
-0.999991
-0.999749
-0.999749
-0.999178
-0.998278
-0.997050
-0.997050
-0.995493
-0.993609
-0.991398
-0.988861
-0.988861
-0.985998
-0.982811
-0.979300
-0.975467
-0.971313
-0.966840
-0.962048
-0.962048
-0.956940
-0.951516
-0.945780
-0.939732
-0.933375
-0.926711
-0.919742
-0.904899
-0.897029
-0.888864
-0.880406
-0.871659
-0.862625
-0.853307
-0.843708
-0.833832
-0.813259
-0.802570
-0.791616
-0.780402
-0.757207
-0.745234
-0.733015
-0.720556
-0.694929
-0.681771
-0.668388
-0.640967
-0.626938
-0.612702
-0.583631
-0.568805
-0.553792
-0.523224
-0.507679
-0.476093
-0.460062
-0.427552
-0.411083
-0.377746
-0.360887
-0.326820
-0.309623
-0.274927
-0.257441
-0.222220
-0.204497
-0.168855
-0.132991
-0.114990
-0.078881
-0.060785
-0.024538
0.000000
0.018140
0.054396
0.090581
0.108631
0.144619
0.180417
0.198229
0.233653
0.268769
0.303532
0.320766
0.354912
0.388591
0.421759
0.438137
0.470456
0.502155
0.533194
0.563530
0.578423
0.607632
0.636042
0.663614
0.690313
0.716104
0.728647
0.753012
0.776385
0.798736
0.820035
0.840256
0.849953
0.868505
0.885914
0.902156
0.917212
0.931060
0.943682
0.955062
0.960282
0.969772
0.977985
0.984911
0.990540
0.994866
0.997882
0.998898
0.999943
0.999672
0.998085
0.995185
0.990974
0.985459
0.978647
0.970547
0.966018
0.956006
0.944736
0.932222
0.918482
0.903532
0.887393
0.870086
0.861002
0.841986
0.821862
0.800657
0.778397
0.755113
0.730835
0.718333
0.692625
0.666005
0.638508
0.610170
0.595698
0.566171
0.535898
0.504919
0.473277
0.457219
0.424658
0.391537
0.357902
0.340904
0.306579
0.271850
0.254348
0.219100
0.183563
0.165701
0.129819
0.093767
0.075691
0.039471
0.003200
-0.014941
-0.051201
-0.087394
-0.105450
-0.141452
-0.159387
-0.195092
-0.212851
-0.248154
-0.265686
-0.300481
-0.317734
-0.351919
-0.368841
-0.402314
-0.418855
-0.451518
-0.467630
-0.499385
-0.515019
-0.530484
-0.560884
-0.575810
-0.590546
-0.619431
-0.633570
-0.647500
-0.674717
-0.687995
-0.701046
-0.726452
-0.738799
-0.750902
-0.762759
-0.774364
-0.796806
-0.807636
-0.818200
-0.828495
-0.838517
-0.848263
-0.857730
-0.866914
-0.875814
-0.892745
-0.900771
-0.908501
-0.915932
-0.923062
-0.929887
-0.936407
-0.942619
-0.942619
-0.948520
-0.954109
-0.959384
-0.964344
-0.968986
-0.973309
-0.977312
-0.977312
-0.980993
-0.984352
-0.987386
-0.990096
-0.990096
-0.992480
-0.994537
-0.996267
-0.996267
-0.997669
-0.998743
-0.998743
-0.999488
-0.999904
-0.999904
-0.999991
-0.999991
-0.999749
-0.999749
-0.999178
-0.998278
-0.998278
-0.997050
-0.997050
-0.995493
-0.995493
-0.993609
-0.993609
-0.991398
-0.991398
-0.991398
-0.988861
-0.988861
-0.985998
-0.985998
-0.985998
-0.982811
-0.982811
-0.982811
-0.979300
-0.979300
-0.979300
-0.975467
-0.975467
-0.975467
-0.971313
-0.971313
-0.971313
-0.971313
-0.966840
-0.966840
-0.966840
-0.966840
-0.966840
-0.962048
-0.962048
-0.962048
-0.962048
-0.962048
-0.956940
-0.956940
-0.956940
-0.956940
-0.956940
-0.956940
-0.951516
-0.951516
-0.951516
-0.951516
-0.951516
-0.951516
-0.951516
-0.945780
-0.945780
-0.945780
-0.945780
-0.945780
-0.945780
-0.945780
-0.945780
-0.939732
-0.939732
-0.939732
-0.939732
-0.939732
-0.939732
-0.939732
-0.939732
-0.939732
-0.939732
-0.933375
-0.933375
-0.933375
-0.933375
-0.933375
-0.933375
-0.933375
-0.933375
-0.926711
-0.926711
-0.926711
-0.926711
-0.926711
-0.926711
-0.926711
-0.919742
-0.919742
-0.919742
-0.919742
-0.919742
-0.912471
-0.912471
-0.912471
-0.912471
-0.912471
-0.904899
-0.904899
-0.904899
-0.904899
-0.904899
-0.897029
-0.897029
-0.897029
-0.888864
-0.888864
-0.888864
-0.888864
-0.880406
-0.880406
-0.880406
-0.871659
-0.871659
-0.862625
-0.862625
-0.862625
-0.853307
-0.853307
-0.853307
-0.843708
-0.843708
-0.833832
-0.833832
-0.823681
-0.823681
-0.813259
-0.813259
-0.802570
-0.802570
-0.791616
-0.791616
-0.780402
-0.768931
-0.768931
-0.757207
-0.757207
-0.745234
-0.733015
-0.733015
-0.720556
-0.707859
-0.707859
-0.694929
-0.681771
-0.668388
-0.668388
-0.654785
-0.640967
-0.626938
-0.612702
-0.612702
-0.598265
-0.583631
-0.568805
-0.553792
-0.538596
-0.523224
-0.507679
-0.507679
-0.491967
-0.476093
-0.460062
-0.443880
-0.427552
-0.411083
-0.394479
-0.360887
-0.343911
-0.326820
-0.309623
-0.292323
-0.274927
-0.257441
-0.239870
-0.222220
-0.186707
-0.168855
-0.150948
-0.132991
-0.096952
-0.078881
-0.060785
-0.042668
-0.006399
0.000000
0.018140
0.054396
0.072500
0.090581
0.126646
0.144619
0.162545
0.198229
0.215977
0.251252
0.268769
0.303532
0.320766
0.354912
0.371813
0.405242
0.421759
0.454371
0.470456
0.502155
0.517760
0.548452
0.578423
0.593125
0.621939
0.636042
0.663614
0.690313
0.703324
0.728647
0.753012
0.764824
0.787690
0.809519
0.820035
0.840256
0.859370
0.877354
0.885914
0.902156
0.917212
0.931060
0.937525
0.949528
0.960282
0.969772
0.977985
0.981609
0.987888
0.992866
0.996538
0.998898
0.999943
0.999972
0.999043
0.996799
0.993243
0.988379
0.982215
0.978647
0.970547
0.961170
0.950527
0.938633
0.925504
0.911157
0.895610
0.887393
0.870086
0.851634
0.832061
0.811393
0.789657
0.766881
0.755113
0.730835
0.705595
0.679426
0.652363
0.624442
0.595698
0.566171
0.535898
0.520494
0.489179
0.457219
0.424658
0.391537
0.357902
0.323795
0.289262
0.271850
0.236763
0.201364
0.165701
0.129819
0.093767
0.057591
0.039471
0.003200
-0.033076
-0.069309
-0.105450
-0.123471
-0.159387
-0.195092
-0.230541
-0.265686
-0.283130
-0.317734
-0.351919
-0.385641
-0.402314
-0.435258
-0.467630
-0.483587
-0.515019
-0.545774
-0.560884
-0.590546
-0.619431
-0.633570
-0.661217
-0.687995
-0.701046
-0.726452
-0.750902
-0.762759
-0.785715
-0.796806
-0.818200
-0.828495
-0.848263
-0.857730
-0.875814
-0.884425
-0.900771
-0.908501
-0.923062
-0.929887
-0.942619
-0.948520
-0.959384
-0.964344
-0.968986
-0.977312
-0.980993
-0.984352
-0.990096
-0.992480
-0.994537
-0.997669
-0.998743
-0.999488
-0.999991
-0.999749
-0.999178
-0.998278
-0.997050
-0.993609
-0.991398
-0.988861
-0.985998
-0.982811
-0.979300
-0.975467
-0.971313
-0.966840
-0.956940
-0.951516
-0.945780
-0.939732
-0.933375
-0.926711
-0.919742
-0.912471
-0.912471
-0.904899
-0.897029
-0.888864
-0.880406
-0.871659
-0.862625
-0.853307
-0.853307
-0.843708
-0.833832
-0.823681
-0.813259
-0.813259
-0.802570
-0.791616
-0.780402
-0.780402
-0.768931
-0.757207
-0.757207
-0.745234
-0.733015
-0.733015
-0.720556
-0.720556
-0.707859
-0.707859
-0.694929
-0.681771
-0.681771
-0.668388
-0.668388
-0.654785
-0.654785
-0.640967
-0.640967
-0.626938
-0.626938
-0.626938
-0.612702
-0.612702
-0.598265
-0.598265
-0.598265
-0.583631
-0.583631
-0.583631
-0.568805
-0.568805
-0.568805
-0.553792
-0.553792
-0.553792
-0.538596
-0.538596
-0.538596
-0.538596
-0.523224
-0.523224
-0.523224
-0.523224
-0.523224
-0.507679
-0.507679
-0.507679
-0.507679
-0.507679
-0.491967
-0.491967
-0.491967
-0.491967
-0.491967
-0.491967
-0.476093
-0.476093
-0.476093
-0.476093
-0.476093
-0.476093
-0.476093
-0.460062
-0.460062
-0.460062
-0.460062
-0.460062
-0.460062
-0.460062
-0.460062
-0.443880
-0.443880
-0.443880
-0.443880
-0.443880
-0.443880
-0.443880
-0.443880
-0.443880
-0.443880
-0.427552
-0.427552
-0.427552
-0.427552
-0.427552
-0.427552
-0.427552
-0.427552
-0.411083
-0.411083
-0.411083
-0.411083
-0.411083
-0.411083
-0.411083
-0.394479
-0.394479
-0.394479
-0.394479
-0.394479
-0.377746
-0.377746
-0.377746
-0.377746
-0.377746
-0.360887
-0.360887
-0.360887
-0.360887
-0.360887
-0.343911
-0.343911
-0.343911
-0.326820
-0.326820
-0.326820
-0.326820
-0.309623
-0.309623
-0.309623
-0.292323
-0.292323
-0.274927
-0.274927
-0.274927
-0.257441
-0.257441
-0.257441
-0.239870
-0.239870
-0.222220
-0.222220
-0.204497
-0.204497
-0.186707
-0.186707
-0.168855
-0.168855
-0.150948
-0.150948
-0.132991
-0.114990
-0.114990
-0.096952
-0.096952
-0.078881
-0.060785
-0.060785
-0.042668
-0.024538
-0.024538
-0.006399
0.000000
0.018140
0.018140
0.036274
0.054396
0.072500
0.090581
0.090581
0.108631
0.126646
0.144619
0.162545
0.180417
0.198229
0.215977
0.215977
0.233653
0.251252
0.268769
0.286198
0.303532
0.320766
0.337895
0.371813
0.388591
0.405242
0.421759
0.438137
0.454371
0.470456
0.486385
0.502155
0.533194
0.548452
0.563530
0.578423
0.607632
0.621939
0.636042
0.649935
0.677075
0.690313
0.703324
0.728647
0.740951
0.753012
0.776385
0.787690
0.798736
0.820035
0.830282
0.849953
0.859370
0.877354
0.885914
0.902156
0.909834
0.924288
0.931060
0.943682
0.949528
0.960282
0.965186
0.974038
0.981609
0.984911
0.990540
0.992866
0.996538
0.998898
0.999585
0.999972
0.999043
0.998085
0.995185
0.990974
0.988379
0.982215
0.974758
0.966018
0.961170
0.950527
0.938633
0.925504
0.918482
0.903532
0.887393
0.870086
0.851634
0.841986
0.821862
0.800657
0.778397
0.755113
0.730835
0.718333
0.692625
0.666005
0.638508
0.610170
0.581030
0.566171
0.535898
0.504919
0.473277
0.441011
0.408165
0.374781
0.340904
0.323795
0.289262
0.254348
0.219100
0.183563
0.147784
0.111811
0.093767
0.057591
0.021339
-0.014941
-0.051201
-0.087394
-0.123471
-0.159387
-0.195092
-0.212851
-0.248154
-0.283130
-0.317734
-0.351919
-0.385641
-0.418855
-0.451518
-0.467630
-0.499385
-0.530484
-0.560884
-0.590546
-0.619431
-0.647500
-0.661217
-0.687995
-0.713867
-0.738799
-0.762759
-0.774364
-0.796806
-0.818200
-0.838517
-0.857730
-0.866914
-0.884425
-0.900771
-0.915932
-0.923062
-0.936407
-0.948520
-0.954109
-0.964344
-0.973309
-0.977312
-0.984352
-0.990096
-0.992480
-0.996267
-0.998743
-0.999488
-0.999991
-0.999178
-0.998278
-0.995493
-0.993609
-0.988861
-0.985998
-0.979300
-0.975467
-0.966840
-0.962048
-0.951516
-0.945780
-0.933375
-0.926711
-0.912471
-0.904899
-0.888864
-0.880406
-0.871659
-0.853307
-0.843708
-0.833832
-0.813259
-0.802570
-0.791616
-0.768931
-0.757207
-0.745234
-0.720556
-0.707859
-0.694929
-0.681771
-0.668388
-0.640967
-0.626938
-0.612702
-0.598265
-0.583631
-0.568805
-0.553792
-0.538596
-0.523224
-0.491967
-0.476093
-0.460062
-0.443880
-0.427552
-0.411083
-0.394479
-0.377746
-0.377746
-0.360887
-0.343911
-0.326820
-0.309623
-0.292323
-0.274927
-0.257441
-0.257441
-0.239870
-0.222220
-0.204497
-0.186707
-0.186707
-0.168855
-0.150948
-0.132991
-0.132991
-0.114990
-0.096952
-0.096952
-0.078881
-0.060785
-0.060785
-0.042668
-0.042668
-0.024538
-0.024538
-0.006399
0.000000
0.000000
0.018140
0.018140
0.036274
0.036274
0.054396
0.054396
0.072500
0.072500
0.072500
0.090581
0.090581
0.108631
0.108631
0.108631
0.126646
0.126646
0.126646
0.144619
0.144619
0.144619
0.162545
0.162545
0.162545
0.180417
0.180417
0.180417
0.180417
0.198229
0.198229
0.198229
0.198229
0.198229
0.215977
0.215977
0.215977
0.215977
0.215977
0.233653
0.233653
0.233653
0.233653
0.233653
0.233653
0.251252
0.251252
0.251252
0.251252
0.251252
0.251252
0.251252
0.268769
0.268769
0.268769
0.268769
0.268769
0.268769
0.268769
0.268769
0.286198
0.286198
0.286198
0.286198
0.286198
0.286198
0.286198
0.286198
0.286198
0.286198
0.303532
0.303532
0.303532
0.303532
0.303532
0.303532
0.303532
0.303532
0.320766
0.320766
0.320766
0.320766
0.320766
0.320766
0.320766
0.337895
0.337895
0.337895
0.337895
0.337895
0.354912
0.354912
0.354912
0.354912
0.354912
0.371813
0.371813
0.371813
0.371813
0.371813
0.388591
0.388591
0.388591
0.405242
0.405242
0.405242
0.405242
0.421759
0.421759
0.421759
0.438137
0.438137
0.454371
0.454371
0.454371
0.470456
0.470456
0.470456
0.486385
0.486385
0.502155
0.502155
0.517760
0.517760
0.533194
0.533194
0.548452
0.548452
0.563530
0.563530
0.578423
0.593125
0.593125
0.607632
0.607632
0.621939
0.636042
0.636042
0.649935
0.663614
0.663614
0.677075
0.690313
0.703324
0.703324
0.716104
0.728647
0.740951
0.753012
0.753012
0.764824
0.776385
0.787690
0.798736
0.809519
0.820035
0.830282
0.830282
0.840256
0.849953
0.859370
0.868505
0.877354
0.885914
0.894182
0.909834
0.917212
0.924288
0.931060
0.937525
0.943682
0.949528
0.955062
0.960282
0.969772
0.974038
0.977985
0.981609
0.987888
0.990540
0.992866
0.994866
0.997882
0.998898
0.999585
0.999972
0.999672
0.999043
0.996799
0.995185
0.993243
0.988379
0.985459
0.978647
0.974758
0.966018
0.961170
0.950527
0.944736
0.932222
0.925504
0.911157
0.903532
0.887393
0.878884
0.861002
0.841986
0.832061
0.811393
0.800657
0.778397
0.755113
0.743096
0.718333
0.692625
0.679426
0.652363
0.624442
0.610170
0.581030
0.551125
0.520494
0.504919
0.473277
0.441011
0.408165
0.391537
0.357902
0.323795
0.289262
0.254348
0.236763
0.201364
0.165701
0.129819
0.093767
0.057591
0.039471
0.003200
-0.033076
-0.069309
-0.105450
-0.141452
-0.159387
-0.195092
-0.230541
-0.265686
-0.300481
-0.334881
-0.368841
-0.402314
-0.418855
-0.451518
-0.483587
-0.515019
-0.545774
-0.575810
-0.605088
-0.619431
-0.647500
-0.674717
-0.701046
-0.726452
-0.750902
-0.774364
-0.796806
-0.818200
-0.828495
-0.848263
-0.866914
-0.884425
-0.900771
-0.915932
-0.929887
-0.942619
-0.948520
-0.959384
-0.968986
-0.977312
-0.984352
-0.990096
-0.994537
-0.996267
-0.998743
-0.999904
-0.999749
-0.998278
-0.997050
-0.993609
-0.988861
-0.982811
-0.975467
-0.971313
-0.962048
-0.951516
-0.939732
-0.933375
-0.919742
-0.904899
-0.897029
-0.880406
-0.862625
-0.853307
-0.833832
-0.813259
-0.802570
-0.780402
-0.757207
-0.745234
-0.720556
-0.694929
-0.681771
-0.654785
-0.640967
-0.612702
-0.598265
-0.568805
-0.553792
-0.523224
-0.507679
-0.476093
-0.460062
-0.427552
-0.411083
-0.377746
-0.360887
-0.326820
-0.309623
-0.292323
-0.257441
-0.239870
-0.222220
-0.186707
-0.168855
-0.150948
-0.114990
-0.096952
-0.078881
-0.042668
-0.024538
-0.006399
0.000000
0.018140
0.054396
0.072500
0.090581
0.108631
0.126646
0.144619
0.162545
0.180417
0.198229
0.233653
0.251252
0.268769
0.286198
0.303532
0.320766
0.337895
0.354912
0.354912
0.371813
0.388591
0.405242
0.421759
0.438137
0.454371
0.470456
0.470456
0.486385
0.502155
0.517760
0.533194
0.533194
0.548452
0.563530
0.578423
0.578423
0.593125
0.607632
0.607632
0.621939
0.636042
0.636042
0.649935
0.649935
0.663614
0.663614
0.677075
0.690313
0.690313
0.703324
0.703324
0.716104
0.716104
0.728647
0.728647
0.740951
0.740951
0.740951
0.753012
0.753012
0.764824
0.764824
0.764824
0.776385
0.776385
0.776385
0.787690
0.787690
0.787690
0.798736
0.798736
0.798736
0.809519
0.809519
0.809519
0.809519
0.820035
0.820035
0.820035
0.820035
0.820035
0.830282
0.830282
0.830282
0.830282
0.830282
0.840256
0.840256
0.840256
0.840256
0.840256
0.840256
0.849953
0.849953
0.849953
0.849953
0.849953
0.849953
0.849953
0.859370
0.859370
0.859370
0.859370
0.859370
0.859370
0.859370
0.859370
0.868505
0.868505
0.868505
0.868505
0.868505
0.868505
0.868505
0.868505
0.868505
0.868505
0.877354
0.877354
0.877354
0.877354
0.877354
0.877354
0.877354
0.877354
0.885914
0.885914
0.885914
0.885914
0.885914
0.885914
0.885914
0.894182
0.894182
0.894182
0.894182
0.894182
0.902156
0.902156
0.902156
0.902156
0.902156
0.909834
0.909834
0.909834
0.909834
0.909834
0.917212
0.917212
0.917212
0.924288
0.924288
0.924288
0.924288
0.931060
0.931060
0.931060
0.937525
0.937525
0.943682
0.943682
0.943682
0.949528
0.949528
0.949528
0.955062
0.955062
0.960282
0.960282
0.965186
0.965186
0.969772
0.969772
0.974038
0.974038
0.977985
0.977985
0.981609
0.984911
0.984911
0.987888
0.987888
0.990540
0.992866
0.992866
0.994866
0.996538
0.996538
0.997882
0.998898
0.999585
0.999585
0.999943
0.999972
0.999672
0.999043
0.999043
0.998085
0.996799
0.995185
0.993243
0.990974
0.988379
0.985459
0.985459
0.982215
0.978647
0.974758
0.970547
0.966018
0.961170
0.956006
0.944736
0.938633
0.932222
0.925504
0.918482
0.911157
0.903532
0.895610
0.887393
0.870086
0.861002
0.851634
0.841986
0.821862
0.811393
0.800657
0.789657
0.766881
0.755113
0.743096
0.718333
0.705595
0.692625
0.666005
0.652363
0.638508
0.610170
0.595698
0.566171
0.551125
0.520494
0.504919
0.473277
0.457219
0.424658
0.408165
0.374781
0.357902
0.323795
0.306579
0.271850
0.236763
0.219100
0.183563
0.165701
0.129819
0.093767
0.075691
0.039471
0.003200
-0.014941
-0.051201
-0.087394
-0.105450
-0.141452
-0.177269
-0.212851
-0.230541
-0.265686
-0.300481
-0.334881
-0.351919
-0.385641
-0.418855
-0.451518
-0.483587
-0.499385
-0.530484
-0.560884
-0.590546
-0.619431
-0.647500
-0.661217
-0.687995
-0.713867
-0.738799
-0.762759
-0.785715
-0.796806
-0.818200
-0.838517
-0.857730
-0.875814
-0.892745
-0.908501
-0.923062
-0.929887
-0.942619
-0.954109
-0.964344
-0.973309
-0.980993
-0.987386
-0.990096
-0.994537
-0.997669
-0.999488
-0.999991
-0.999178
-0.997050
-0.993609
-0.988861
-0.985998
-0.979300
-0.971313
-0.962048
-0.951516
-0.939732
-0.926711
-0.912471
-0.904899
-0.888864
-0.871659
-0.853307
-0.833832
-0.813259
-0.791616
-0.780402
-0.757207
-0.733015
-0.707859
-0.681771
-0.668388
-0.640967
-0.612702
-0.583631
-0.553792
-0.538596
-0.507679
-0.476093
-0.443880
-0.427552
-0.394479
-0.360887
-0.343911
-0.309623
-0.274927
-0.257441
-0.222220
-0.186707
-0.168855
-0.132991
-0.096952
-0.078881
-0.042668
-0.006399
0.000000
0.036274
0.054396
0.090581
0.108631
0.144619
0.162545
0.198229
0.215977
0.251252
0.268769
0.303532
0.320766
0.354912
0.371813
0.405242
0.421759
0.438137
0.470456
0.486385
0.502155
0.533194
0.548452
0.563530
0.593125
0.607632
0.621939
0.649935
0.663614
0.677075
0.690313
0.703324
0.728647
0.740951
0.753012
0.764824
0.776385
0.787690
0.798736
0.809519
0.820035
0.840256
0.849953
0.859370
0.868505
0.877354
0.885914
0.894182
0.902156
0.902156
0.909834
0.917212
0.924288
0.931060
0.937525
0.943682
0.949528
0.949528
0.955062
0.960282
0.965186
0.969772
0.969772
0.974038
0.977985
0.981609
0.981609
0.984911
0.987888
0.987888
0.990540
0.992866
0.992866
0.994866
0.994866
0.996538
0.996538
0.997882
0.998898
0.998898
0.999585
0.999585
0.999943
0.999943
0.999972
0.999972
0.999672
0.999672
0.999672
0.999043
0.999043
0.998085
0.998085
0.998085
0.996799
0.996799
0.996799
0.995185
0.995185
0.995185
0.993243
0.993243
0.993243
0.990974
0.990974
0.990974
0.990974
0.988379
0.988379
0.988379
0.988379
0.988379
0.985459
0.985459
0.985459
0.985459
0.985459
0.982215
0.982215
0.982215
0.982215
0.982215
0.982215
0.978647
0.978647
0.978647
0.978647
0.978647
0.978647
0.978647
0.974758
0.974758
0.974758
0.974758
0.974758
0.974758
0.974758
0.974758
0.970547
0.970547
0.970547
0.970547
0.970547
0.970547
0.970547
0.970547
0.970547
0.970547
0.966018
0.966018
0.966018
0.966018
0.966018
0.966018
0.966018
0.966018
0.961170
0.961170
0.961170
0.961170
0.961170
0.961170
0.961170
0.956006
0.956006
0.956006
0.956006
0.956006
0.950527
0.950527
0.950527
0.950527
0.950527
0.944736
0.944736
0.944736
0.944736
0.944736
0.938633
0.938633
0.938633
0.932222
0.932222
0.932222
0.932222
0.925504
0.925504
0.925504
0.918482
0.918482
0.911157
0.911157
0.911157
0.903532
0.903532
0.903532
0.895610
0.895610
0.887393
0.887393
0.878884
0.878884
0.870086
0.870086
0.861002
0.861002
0.851634
0.851634
0.841986
0.832061
0.832061
0.821862
0.821862
0.811393
0.800657
0.800657
0.789657
0.778397
0.778397
0.766881
0.755113
0.743096
0.743096
0.730835
0.718333
0.705595
0.692625
0.692625
0.679426
0.666005
0.652363
0.638508
0.624442
0.610170
0.595698
0.595698
0.581030
0.566171
0.551125
0.535898
0.520494
0.504919
0.489179
0.457219
0.441011
0.424658
0.408165
0.391537
0.374781
0.357902
0.340904
0.323795
0.289262
0.271850
0.254348
0.236763
0.201364
0.183563
0.165701
0.147784
0.111811
0.093767
0.075691
0.039471
0.021339
0.003200
-0.033076
-0.051201
-0.069309
-0.105450
-0.123471
-0.159387
-0.177269
-0.212851
-0.230541
-0.265686
-0.283130
-0.317734
-0.334881
-0.368841
-0.385641
-0.418855
-0.435258
-0.467630
-0.499385
-0.515019
-0.545774
-0.560884
-0.590546
-0.619431
-0.633570
-0.661217
-0.687995
-0.701046
-0.726452
-0.750902
-0.762759
-0.785715
-0.807636
-0.828495
-0.838517
-0.857730
-0.875814
-0.892745
-0.900771
-0.915932
-0.929887
-0.942619
-0.954109
-0.959384
-0.968986
-0.977312
-0.984352
-0.990096
-0.994537
-0.996267
-0.998743
-0.999904
-0.999749
-0.998278
-0.995493
-0.993609
-0.988861
-0.982811
-0.975467
-0.966840
-0.956940
-0.945780
-0.933375
-0.926711
-0.912471
-0.897029
-0.880406
-0.862625
-0.843708
-0.823681
-0.813259
-0.791616
-0.768931
-0.745234
-0.720556
-0.694929
-0.668388
-0.640967
-0.612702
-0.598265
-0.568805
-0.538596
-0.507679
-0.476093
-0.443880
-0.411083
-0.377746
-0.360887
-0.326820
-0.292323
-0.257441
-0.222220
-0.186707
-0.150948
-0.132991
-0.096952
-0.060785
-0.024538
0.000000
0.018140
0.054396
0.090581
0.126646
0.162545
0.180417
0.215977
0.251252
0.286198
0.303532
0.337895
0.371813
0.388591
0.421759
0.454371
0.470456
0.502155
0.533194
0.548452
0.578423
0.607632
0.621939
0.649935
0.677075
0.690313
0.716104
0.728647
0.753012
0.764824
0.787690
0.798736
0.820035
0.830282
0.849953
0.859370
0.877354
0.885914
0.902156
0.909834
0.924288
0.931060
0.937525
0.949528
0.955062
0.960282
0.969772
0.974038
0.977985
0.984911
0.987888
0.990540
0.994866
0.996538
0.997882
0.998898
0.999585
0.999972
0.999672
0.999043
0.998085
0.996799
0.995185
0.993243
0.990974
0.988379
0.982215
0.978647
0.974758
0.970547
0.966018
0.961170
0.956006
0.950527
0.950527
0.944736
0.938633
0.932222
0.925504
0.918482
0.911157
0.903532
0.903532
0.895610
0.887393
0.878884
0.870086
0.870086
0.861002
0.851634
0.841986
0.841986
0.832061
0.821862
0.821862
0.811393
0.800657
0.800657
0.789657
0.789657
0.778397
0.778397
0.766881
0.755113
0.755113
0.743096
0.743096
0.730835
0.730835
0.718333
0.718333
0.705595
0.705595
0.705595
0.692625
0.692625
0.679426
0.679426
0.679426
0.666005
0.666005
0.666005
0.652363
0.652363
0.652363
0.638508
0.638508
0.638508
0.624442
0.624442
0.624442
0.624442
0.610170
0.610170
0.610170
0.610170
0.610170
0.595698
0.595698
0.595698
0.595698
0.595698
0.581030
0.581030
0.581030
0.581030
0.581030
0.581030
0.566171
0.566171
0.566171
0.566171
0.566171
0.566171
0.566171
0.551125
0.551125
0.551125
0.551125
0.551125
0.551125
0.551125
0.551125
0.535898
0.535898
0.535898
0.535898
0.535898
0.535898
0.535898
0.535898
0.535898
0.535898
0.520494
0.520494
0.520494
0.520494
0.520494
0.520494
0.520494
0.520494
0.504919
0.504919
0.504919
0.504919
0.504919
0.504919
0.504919
0.489179
0.489179
0.489179
0.489179
0.489179
0.473277
0.473277
0.473277
0.473277
0.473277
0.457219
0.457219
0.457219
0.457219
0.457219
0.441011
0.441011
0.441011
0.424658
0.424658
0.424658
0.424658
0.408165
0.408165
0.408165
0.391537
0.391537
0.374781
0.374781
0.374781
0.357902
0.357902
0.357902
0.340904
0.340904
0.323795
0.323795
0.306579
0.306579
0.289262
0.289262
0.271850
0.271850
0.254348
0.254348
0.236763
0.219100
0.219100
0.201364
0.201364
0.183563
0.165701
0.165701
0.147784
0.129819
0.129819
0.111811
0.093767
0.075691
0.075691
0.057591
